Tarih                     COIN        1.FIYAT     2.FIYAT     3.FİYAT     4.FIYAT     5.FIYAT     1.HACİM          2.HACİM          3.HACİM          4.HACİM          5.HACİM          KASA USDT
------------------------------------------------------------------------------------------------------------------------------------------------------------------------------------------------
Tue Aug 24 14:50:44 2021  OGUSDT      6.688       6.68        6.7         6.701       6.758       490444.59        490723.11        492422.957       492989.85        495719.906       93.15     
Tue Aug 24 15:04:56 2021  MITHUSDT    0.063       0.063       0.0632      0.0633      0.0634      88722344.9       89037789.6       89758592.6       90311645.3       90752032.8       94.81     
Tue Aug 24 15:15:13 2021  BARUSDT     22.163      22.099      22.145      22.298      22.3        99062.716        99386.316        99727.462        100375.617       100600.641       95.31     
Tue Aug 24 15:40:19 2021  XMRUSDT     325.95      325.77      326.2       327.88      330.01      118131.7814      118172.2708      118247.5243      118630.5693      120033.9366      95.74     
Tue Aug 24 15:41:26 2021  FUNUSDT     0.0369      0.0368      0.037       0.0371      0.0373      858152760.0      858677957.0      860826804.0      863096662.0      865725306.0      95.74     
Tue Aug 24 15:42:53 2021  ATMUSDT     18.46       18.449      18.461      18.49       18.539      232107.252       232361.189       232377.901       232461.285       234745.407       95.03     
Tue Aug 24 16:20:26 2021  AVAXUSDT    51.064      50.863      51.103      51.408      51.777      7672609.148      7673601.275      7684710.816      7716174.157      7743468.032      95.32     
Tue Aug 24 16:32:30 2021  DOGEUSDT    0.299       0.2987      0.2991      0.2994      0.2999      1406312735.4     1425828454.2     1433173580.9     1435542821.4     1439648904.4     95.23     
Tue Aug 24 16:32:30 2021  CVCUSDT     0.3567      0.3561      0.3571      0.3581      0.3584      24223183.7       24336847.1       24553572.9       24568393.2       24577359.9       95.23     
Tue Aug 24 16:33:35 2021  BARUSDT     21.65       21.619      21.781      21.808      21.845      147155.184       147320.107       148320.515       148419.298       148631.543       95.04     
Tue Aug 24 16:38:02 2021  FTMUSDT     0.5037      0.5024      0.5029      0.503       0.5066      108181386.6      108756759.8      108895599.1      109105289.8      110045404.3      95.17     
Tue Aug 24 16:38:02 2021  DODOUSDT    2.102       2.098       2.1         2.108       2.117       10557470.033     10595427.328     10682393.656     10689723.703     10726314.52      95.17     
Tue Aug 24 16:38:24 2021  KEEPUSDT    0.3976      0.3968      0.3975      0.399       0.3995      18810575.0       18832755.0       18854518.0       18991469.0       19000356.0       95.04     
Tue Aug 24 16:59:51 2021  ATAUSDT     0.6334      0.6333      0.6351      0.6359      0.637       15506706.0       15517431.0       15835705.0       15839220.0       15862434.0       94.87     
Tue Aug 24 17:04:40 2021  WNXMUSDT    69.424      69.352      70.047      70.24       70.73       23323.188        23363.188        23419.635        23623.418        23731.247        94.82     
Tue Aug 24 17:17:17 2021  ONEUSDT     0.108       0.1077      0.1086      0.1088      0.1094      225382273.0      225691471.4      226220086.6      226801917.6      227971294.2      94.63     
Tue Aug 24 17:17:17 2021  COMPUSDT    425.86      424.91      431.25      433.25      434.56      89657.9503       90478.7938       90977.2935       91221.136        91635.7742       94.63     
Tue Aug 24 17:17:17 2021  TRBUSDT     54.23       54.109      54.214      54.604      54.773      123949.804       124091.972       124365.552       125148.99        125393.132       94.63     
Tue Aug 24 17:17:17 2021  1INCHUSDT   3.16        3.1427      3.1756      3.197       3.2136      8493406.12       8547515.32       8573304.13       8631410.19       8653600.53       94.63     
Tue Aug 24 17:20:12 2021  RSRUSDT     0.0483      0.0483      0.0483      0.0486      0.0488      447232420.1      447868190.5      448708254.3      451896946.8      454115668.3      94.99     
Tue Aug 24 17:20:35 2021  PNTUSDT     1.18        1.1795      1.1796      1.181       1.1835      2300094.31       2310444.41       2335009.8        2335041.79       2338339.54       94.99     
Tue Aug 24 17:26:27 2021  QNTUSDT     185.7       185.4       186.2       186.7       187.9       38566.918        38598.664        38600.522        38897.274        39026.962        95.77     
Tue Aug 24 17:29:48 2021  QNTUSDT     188.5       188.4       188.8       189.8       190.3       39908.839        39921.182        40016.503        40395.822        40460.699        95.77     
Tue Aug 24 17:32:00 2021  QNTUSDT     191.0       190.9       192.0       192.5       192.6       40598.381        40763.244        40981.821        41170.452        41192.439        95.77     
Tue Aug 24 17:42:26 2021  CTSIUSDT    0.7711      0.7706      0.7729      0.7801      0.7862      18392313.5       18391852.4       18398191.0       18685742.4       18832192.8       95.77     
Tue Aug 24 17:47:37 2021  ARUSDT      28.357      28.321      28.331      28.5        28.527      444697.98        444971.38        448362.93        449828.33        450518.95        97.98     
Tue Aug 24 17:48:42 2021  RSRUSDT     0.0526      0.0524      0.0526      0.053       0.0534      524023254.2      526356172.8      528909736.9      536930770.9      541586125.2      97.98     
Tue Aug 24 17:51:44 2021  GXSUSDT     0.7146      0.7119      0.7232      0.7375      0.7415      9194906.17       9195473.62       9289071.94       9310329.67       9350180.04       98.12     
Tue Aug 24 17:51:44 2021  JUVUSDT     13.432      13.415      13.479      13.484      13.499      184176.037       184223.322       186692.021       186714.293       186726.744       98.12     
Tue Aug 24 17:56:57 2021  C98USDT     3.8168      3.8123      3.8531      3.8838      3.9248      102627499.0      102799700.0      103150165.0      103585503.0      103929202.0      96.81     
Tue Aug 24 18:02:51 2021  C98USDT     3.9738      3.9719      4.0376      4.0442      4.069       106219433.0      106505700.0      106986572.0      107362090.0      107663101.0      96.52     
Tue Aug 24 18:10:58 2021  CTKUSDT     2.5551      2.5515      2.5522      2.5709      2.5838      10040616.99      10051890.48      10073475.91      10288526.77      10323039.9       96.32     
Tue Aug 24 18:25:01 2021  RSRUSDT     0.0541      0.0539      0.0542      0.0542      0.0546      647960537.5      650288132.4      651701996.5      653768836.1      657629532.1      95.95     
Tue Aug 24 18:26:07 2021  CTSIUSDT    0.7878      0.7869      0.7995      0.8017      0.807       25213188.3       25258228.2       25438641.6       25601909.9       25703817.9       95.95     
Tue Aug 24 18:45:34 2021  ICXUSDT     1.4541      1.454       1.4656      1.4738      1.486       12636005.15      12627775.5       12834997.4       12937483.52      13255303.45      96.44     
Tue Aug 24 19:02:06 2021  QNTUSDT     198.5       198.2       199.0       199.5       199.8       59439.317        59664.002        59893.063        60210.382        60604.092        96.23     
Tue Aug 24 19:02:53 2021  MATICUSDT   1.4776      1.4772      1.4863      1.4882      1.4907      132240275.9      132652106.7      132935282.4      133840617.9      133993331.3      96.23     
Tue Aug 24 19:18:22 2021  EGLDUSDT    133.34      133.26      133.54      133.56      133.61      169435.705       170594.118       171150.5903      171819.7828      172560.1609      95.96     
Tue Aug 24 19:18:24 2021  BADGERUSDT  22.662      22.538      22.816      22.974      22.986      170180.096       170268.389       171364.969       172167.012       172270.434       95.96     
Tue Aug 24 19:21:44 2021  TRBUSDT     53.295      53.244      53.41       53.659      53.918      133410.083       133973.485       134109.775       135140.338       135728.746       95.23     
Tue Aug 24 19:25:03 2021  CTSIUSDT    0.759       0.7558      0.7558      0.7624      0.7715      28218004.4       28228308.9       28231543.4       28396864.2       28609166.2       95.16     
Tue Aug 24 19:25:48 2021  WANUSDT     0.8287      0.8285      0.8286      0.8343      0.8369      2936546.57       2944358.39       2949551.32       2978582.1        2984414.48       95.16     
Tue Aug 24 19:26:32 2021  HNTUSDT     22.281      22.275      22.3        22.381      22.445      1237987.226      1238876.36       1241518.22       1249202.652      1251336.91       95.16     
Tue Aug 24 19:28:47 2021  DGBUSDT     0.0677      0.0676      0.0679      0.0682      0.0686      111843582.0      113164810.0      113914114.6      114448109.0      114706759.7      96.74     
Tue Aug 24 19:31:23 2021  HIVEUSDT    0.501       0.5004      0.501       0.5049      0.51        5254802.56       5253341.86       5259452.39       5449553.12       5470342.98       96.34     
Tue Aug 24 19:32:29 2021  BARUSDT     21.43       21.429      21.434      21.444      21.448      171925.226       171946.03        171967.802       173235.892       173704.852       96.34     
Tue Aug 24 19:48:19 2021  LRCUSDT     0.5147      0.5135      0.5191      0.5204      0.5232      152181694.8      152565235.0      153085696.8      153667347.4      154976258.5      95.82     
Tue Aug 24 19:50:11 2021  LRCUSDT     0.5295      0.5275      0.5302      0.5361      0.5383      155697101.2      157909902.9      158500307.4      159707602.7      160967692.4      95.82     
Tue Aug 24 20:31:48 2021  GXSUSDT     0.7181      0.7175      0.7186      0.7198      0.7239      10747755.34      10748434.69      10748490.28      10822861.4       10939449.68      97.17     
